400 796
-0.173721 0.397866
0.157631 -0.331309
0.374253 -0.150667
-0.466473 -0.139649
-0.332817 0.143272
0.113477 0.474591
0.0505572 -0.137219
0.267173 0.0790918
0.359615 -0.0969254
0.32842 0.111296
-0.164268 -0.0968386
0.0443317 0.192745
0.0718775 0.166092
0.162759 -0.117215
0.206458 -0.0048306
-0.388844 -0.0489436
0.0709124 0.0716505
0.41602 -0.140627
-0.175767 -0.277449
0.0314195 -0.330033
0.479842 0.104374
0.145724 -0.273767
-0.137259 0.0528862
0.0919149 0.385391
-0.455272 -0.20474
0.0956844 0.0369517
-0.228087 0.118229
-0.106429 0.164488
-0.241794 -0.117382
0.285066 0.239395
-0.259021 -0.0114307
0.0739504 0.450238
-0.45248 0.0173609
0.265482 0.190807
-0.32945 -0.34683
-0.273635 -0.055849
-0.23075 0.139754
0.393513 0.271536
-0.37228 -0.327408
0.109905 0.182254
-0.052912 -0.182197
0.192872 0.100398
-0.267845 -0.358267
-0.230209 0.00229546
-0.187113 0.376391
-0.400201 0.0460912
-0.330092 0.358496
-0.0685801 0.419049
-0.0785276 -0.330946
-0.248966 0.151832
-0.131182 -0.0907059
0.0984576 0.0708207
-0.183744 0.278562
-0.335463 0.119595
-0.215134 -0.442939
-0.216114 -0.0932297
0.293221 -0.321532
0.233908 0.114108
-0.304131 0.0782915
0.382563 0.0371608
0.197876 -0.121405
0.0378232 -0.324577
0.278578 -0.244149
0.390476 -0.216088
-0.172248 0.0191688
-0.122795 -0.279913
0.0516951 0.255281
0.297184 -0.296501
0.193282 -0.00174194
0.194419 -0.0496911
0.277335 -0.231817
0.0257721 0.363637
0.297252 -0.0806063
-0.198031 -0.357362
0.482981 -0.0928017
-0.102862 0.097858
0.0653606 0.320551
-0.353529 0.316735
-0.0500011 0.409927
-0.153705 -0.0562965
0.356492 -0.2328
-0.214874 0.244606
0.464378 0.175559
-0.39942 0.204906
0.463116 -0.110077
-0.347881 0.324036
-0.269161 0.164786
0.167354 0.2797
-0.0617966 0.282015
0.266641 0.355803
0.148006 0.398177
0.00287232 0.0251519
-0.423986 -0.0688873
-0.135036 0.103274
-0.161714 -0.189005
-0.0125581 -0.240565
-0.497925 -0.0050604
-0.299012 -0.122848
-0.128716 -0.0742922
-0.328603 0.0662808
0.00199271 0.0121909
0.354849 0.270417
-0.1669 0.361997
-0.42719 0.0644563
-0.393347 -0.162223
-0.134588 0.0507635
0.177575 0.0610136
-0.160103 0.163579
-0.279023 -0.0476439
-0.187371 -0.0362629
0.324386 0.027308
0.0975108 0.246987
0.134284 0.293027
0.271331 0.0697923
0.200099 0.36839
0.187429 -0.168116
0.155406 0.316713
0.199281 0.43863
-0.320845 -0.188398
-0.456457 0.0991962
0.282516 -0.171996
0.0401658 0.052665
-0.354344 0.349218
0.00773972 -0.14611
-0.0770499 0.164292
0.0773242 0.136252
-0.190993 0.36249
0.0611829 -0.470069
-0.0366501 0.258683
0.030789 0.156195
0.194966 0.144365
-0.0864858 -0.290715
-0.176657 -0.173302
-0.148239 0.289507
0.36212 0.239358
-0.368163 -0.205403
0.123268 -0.141635
-0.15818 -0.00701098
0.225411 -0.167176
-0.369478 0.00255051
-0.399903 0.25962
-0.0942642 0.137396
-0.368219 0.217642
-0.252382 -0.0138545
-0.394178 -0.0115675
0.202503 0.39906
-0.281482 -0.11767
0.252236 0.234046
0.0575382 -0.462854
0.264888 -0.195747
-0.114696 -0.12738
-0.372848 0.189562
-0.15525 0.215921
-0.420642 0.199739
-0.0215613 0.332216
0.0628334 -0.0735228
-0.0602322 -0.198422
0.0141867 -0.296909
0.393152 0.0480316
-0.101847 -0.0614171
0.273353 0.0264996
-0.214852 -0.264683
-0.0843762 -0.115378
-0.436785 0.0697639
0.0565973 0.438781
0.16945 -0.0876284
0.365791 -0.261415
0.0235361 -0.449205
-0.0390724 -0.147326
-0.464558 0.0759365
0.495106 0.0279406
-0.0537845 0.362586
-0.232517 -0.0302185
0.00169442 -0.0803218
0.0982851 -0.394945
-0.199661 0.307416
-0.278226 0.394568
0.209706 0.00869046
-0.251737 0.299762
-0.0143621 0.0969492
0.206306 0.0299156
0.386451 0.210197
-0.260465 0.00249725
-0.367635 0.00726173
-0.143013 -0.353674
0.273884 -0.33767
-0.371342 -0.261848
-0.141252 0.344746
-0.158456 -0.0920255
-0.159301 0.254144
-0.0575025 0.319736
-0.0407033 0.33856
-0.456205 0.144237
-0.0446644 0.10192
-0.279042 -0.215024
0.166336 0.318204
-0.054131 -0.0278877
-0.119322 -0.357052
0.219791 -0.0982852
-0.110224 -0.468527
-0.0333333 0.208333
-0.0714286 0.0555556
0.0983607 -0.0526316
0.0625 -0.206897
0.0967742 -0.3125
-0.294118 0.245614
0.384615 -0.0526316
0.304348 0.16
0.16129 0.216216
0.206897 0.216216
0.193548 -0.22449
0.227273 -0.283333
0.151515 -0.377358
-0.0454545 -0.44
-0.21875 -0.217391
-0.325581 -0.075
-0.2 0.0754717
0.008 -0.0384615
0.125 -0.0107527
0.0136986 -0.361702
-0.0555556 -0.396825
-0.151515 -0.411765
-0.235294 -0.32
-0.311111 -0.291667
-0.365854 -0.12
-0.321429 0.185185
-0.0961538 0.26087
0.04 0.329787
0.372093 0.140625
0.452381 0.05
0.329787 -0.0208333
0.340909 -0.335404
0.212121 -0.365854
0.114286 -0.252427
0.0277778 -0.201493
-0.105263 -0.205882
-0.538462 -0.106383
-0.553846 -0.025
-0.538462 0.12
-0.475 0.25
-0.157895 0.444444
-0.338235 0.425926
0.0810811 -0.0136986
-0.30303 0.0263158
-0.454545 -0.269231
0.45 -0.0392157
0.416667 0.0967742
0.037037 -0.361111
0.0512821 -0.391304
0.137931 -0.047619
-0.0392157 0.170732
-0.470588 -0.0789474
-0.274194 -0.255319
-0.16129 0.464286
0.235294 0.283333
-0.196078 0.178571
-0.275862 0.234043
-0.290323 0.288889
-0.027027 -0.0434783
-0.0769231 -0.00210526
-0.0833333 0.0277778
-0.134615 0.0810811
-0.177778 0.102564
0.0208333 0.0952381
-0.00534759 0.137931
-0.00243902 0.193548
0.0149254 0.24
0.0106383 0.285714
0.00917431 0.324324
0.00769231 0.372093
0.00769231 0.425
-0.0227273 0.4375
-0.0625 0.44
-0.230769 0.413793
-0.325581 0.37931
-0.391304 0.321429
-0.409091 0.162791
-0.423077 0.0294118
-0.419355 -0.0526316
-0.472222 -0.0454545
-0.5 -0.0434783
-0.52381 0.0222222
-0.190476 -0.388889
-0.0869565 -0.357143
-0.05 -0.310345
-0.0416667 -0.268293
0.0638298 -0.25
0.111111 -0.212121
0.0930233 -0.156863
0.0967742 -0.0983607
0.147059 -0.0333333
0.147059 0.0123457
0.145833 0.0666667
0.140351 0.108696
0.142857 0.142857
0.163636 0.163934
0.210526 0.173913
0.230769 0.2
0.227273 0.235294
0.208333 0.255319
0.208333 0.291667
0.22449 0.326923
0.194444 0.339623
0.183673 0.375
0.172414 0.421053
0.142857 0.423077
0.0208333 0.446154
-0.0322581 0.446154
-0.0652174 0.457143
-0.137931 0.428571
-0.201835 0.428571
-0.147059 -0.44186
-0.108108 -0.428571
-0.05 -0.416667
-0.025641 -0.393939
-0.0125 -0.351852
-0.0153846 -0.309091
0 -0.275862
0.0263158 -0.253731
0 -0.215686
-0.0125 -0.173913
-0.0196078 -0.133333
-0.0357143 -0.103448
-0.0689655 -0.0714286
0.04 -0.025
0.04 0.00806452
0.030303 0.0416667
-0.00243902 0.0571429
-0.0606061 0.0731707
-0.0857143 0.0697674
-0.103448 0.04
-0.135135 0.025
-0.166667 0.0434783
-0.205882 0.0357143
-0.238095 0.0454545
-0.257143 0.0652174
-0.261905 0.102564
-0.298246 0.12
-0.297297 0.16129
-0.287671 0.1875
-0.263158 0.206897
-0.227273 0.216216
-0.201835 0.216216
-0.181818 0.197368
-0.153846 0.186047
0.3125 -0.111111
0.355932 -0.107143
0.35 -0.06
0.372093 -0.0322581
0.402174 -0.0121951
0.355932 0.010989
0.344828 0.0540541
0.366667 0.0740741
0.395349 0.097561
0.347826 0.121951
0.348837 0.151515
0.346154 0.185185
0.325581 0.214286
0.3125 0.26087
0.307692 0.296296
0.416667 0.175
0.441176 0.114286
0.272727 -0.123077
0.326531 -0.15625
0.324324 -0.206897
0.254902 -0.255319
0.263158 -0.294118
0.206897 -0.318182
0.194444 -0.272727
-0.255319 -0.3
-0.228571 -0.37037
-0.223684 -0.18
-0.180328 -0.135135
-0.327273 -0.121212
-0.335714 -0.04
-0.362069 0.06
-0.387097 0.12
-0.48 0.168142
-0.432432 0.233333
-0.407407 0.292683
-0.34 0.255319
-0.296296 0.322581
-0.244444 0.347826
-0.0985915 0.214286
-0.108108 0.378378
-0.108108 0.333333
-0.12 0.272727
-0.131579 -0.234043
-0.321429 -0.261905
-0.402597 -0.258065
0.125 -0.416667
0.247934 -0.0434783
0.133333 0.232143
0.0882353 0.276596
0.106383 0.346154
-0.102564 -0.18
0.426966 -0.0882353
0.426966 -0.0178571
-0.421053 -0.129032

3 364 365 
87 339 338 
235 204 7 
45 1 311 
385 1 103 
252 4 399 
279 16 145 
185 19 74 
161 392 231 
177 47 382 
130 264 126 
368 2 233 
112 12 40 
347 346 364 
246 75 171 
308 79 272 
347 18 9 
146 90 118 
183 336 244 
389 119 136 
122 26 17 
130 13 12 
357 356 229 
142 28 94 
181 8 42 
130 126 13 
70 15 69 
294 293 42 
31 183 244 
399 4 25 
250 290 166 
208 8 10 
81 68 167 
114 10 8 
215 19 388 
234 287 205 
158 20 62 
234 22 211 
350 349 207 
24 306 32 
366 367 63 
288 137 289 
263 333 262 
201 129 384 
13 40 12 
208 58 8 
245 25 237 
370 162 253 
326 243 26 
107 181 42 
183 31 144 
17 264 122 
262 76 94 
386 134 387 
173 110 44 
136 105 25 
229 362 361 
135 38 102 
244 109 31 
173 36 56 
308 273 79 
24 91 306 
280 93 279 
343 82 342 
148 34 30 
131 42 58 
55 35 39 
98 195 147 
216 36 109 
110 11 80 
337 37 50 
256 263 108 
182 38 135 
306 6 32 
55 39 245 
133 215 95 
394 77 67 
112 394 67 
320 41 157 
388 19 66 
13 126 40 
178 69 15 
55 43 35 
168 128 149 
110 65 44 
336 217 27 
179 82 176 
268 77 228 
377 193 120 
145 16 140 
275 47 177 
338 5 54 
191 89 155 
79 271 272 
198 185 222 
66 19 185 
256 50 37 
337 338 59 
373 151 11 
326 325 243 
26 52 17 
26 219 292 
127 176 103 
263 37 27 
152 277 377 
375 184 140 
200 55 0 
49 284 316 
29 56 36 
29 372 373 
232 57 186 
248 62 20 
297 58 34 
42 8 58 
337 59 336 
376 46 184 
397 85 75 
159 247 354 
392 70 199 
289 7 204 
248 175 205 
235 7 124 
365 63 81 
366 211 369 
232 64 167 
18 3 64 
110 80 138 
138 332 65 
132 66 49 
388 95 215 
112 67 12 
387 134 190 
232 68 57 
366 71 150 
292 69 181 
181 161 114 
61 199 166 
348 73 346 
363 73 199 
368 369 2 
32 165 24 
1 385 310 
199 73 392 
365 71 63 
162 223 19 
371 55 283 
171 75 0 
85 64 75 
94 76 142 
262 106 330 
72 228 24 
269 228 72 
123 78 86 
340 226 339 
385 103 188 
307 32 6 
51 99 189 
328 202 92 
3 365 64 
63 68 81 
176 82 53 
381 141 143 
0 83 21 
0 38 83 
164 104 377 
377 46 376 
246 397 75 
18 64 85 
123 86 47 
381 143 226 
256 342 50 
382 179 383 
393 88 113 
302 90 115 
269 72 270 
172 79 48 
30 360 255 
38 118 90 
395 117 91 
304 146 305 
138 80 160 
290 7 289 
280 252 93 
390 25 245 
108 94 28 
263 217 333 
396 95 236 
195 372 147 
157 236 286 
287 62 205 
239 282 170 
276 78 123 
195 98 119 
225 93 399 
189 99 80 
163 151 396 
54 100 59 
375 16 216 
332 261 331 
322 323 169 
34 208 358 
38 90 360 
45 103 1 
45 127 103 
377 104 46 
164 278 104 
374 225 119 
399 25 105 
333 332 23 
260 160 197 
293 107 42 
293 26 292 
384 227 387 
256 37 263 
375 109 244 
36 144 109 
183 144 44 
56 11 110 
348 207 349 
352 10 114 
209 393 40 
393 113 112 
117 113 88 
117 395 113 
181 114 8 
111 352 114 
24 395 91 
303 301 302 
211 139 116 
61 14 116 
196 117 88 
196 304 117 
0 118 38 
0 6 118 
374 119 98 
136 187 389 
377 120 164 
170 33 164 
363 139 121 
150 139 211 
329 180 194 
92 101 326 
276 123 242 
277 84 154 
156 174 7 
163 51 151 
194 180 265 
384 129 227 
52 126 17 
52 293 294 
274 127 45 
382 86 258 
232 128 0 
213 2 205 
227 129 89 
201 266 267 
267 129 201 
125 142 194 
297 209 296 
295 126 294 
285 132 49 
96 320 157 
151 133 95 
373 56 29 
176 134 188 
345 108 28 
359 358 135 
182 83 38 
370 43 223 
119 105 136 
14 137 116 
291 250 70 
110 138 65 
80 99 160 
363 199 139 
61 116 139 
244 184 375 
278 33 145 
276 380 78 
379 84 141 
194 142 76 
125 28 142 
257 179 258 
141 84 143 
44 144 173 
31 109 144 
184 145 140 
279 93 16 
305 146 118 
115 90 146 
36 147 29 
36 216 147 
359 360 30 
300 209 210 
249 149 175 
368 186 367 
365 150 71 
121 139 150 
169 163 396 
51 11 151 
226 152 5 
143 84 152 
384 153 345 
190 82 343 
379 154 84 
193 277 154 
129 155 89 
270 79 172 
243 325 156 
324 259 197 
396 236 157 
236 132 286 
286 285 317 
317 316 20 
159 350 398 
355 229 356 
260 138 160 
99 51 160 
392 161 178 
111 114 161 
224 35 43 
223 74 19 
323 174 259 
160 51 163 
170 164 120 
33 278 164 
307 165 32 
72 24 165 
290 14 166 
14 61 166 
75 64 232 
64 81 167 
314 313 214 
214 200 168 
321 169 41 
124 7 174 
193 239 120 
282 33 170 
21 171 0 
350 159 60 
385 172 48 
155 269 270 
36 173 144 
56 110 173 
218 174 156 
323 324 163 
128 391 149 
213 205 175 
134 176 53 
383 177 382 
274 177 383 
275 123 47 
69 178 181 
15 392 178 
127 383 176 
258 78 381 
329 328 180 
180 328 264 
292 181 107 
178 161 181 
358 208 357 
361 83 182 
334 335 44 
59 100 244 
376 184 244 
46 145 184 
66 185 198 
283 55 222 
167 68 232 
57 68 367 
35 224 39 
136 25 390 
176 188 103 
386 387 89 
11 189 80 
11 51 189 
53 190 134 
53 82 190 
192 191 155 
172 385 386 
270 192 155 
172 191 192 
379 378 154 
239 170 120 
330 202 329 
265 130 266 
215 195 253 
215 372 195 
301 196 88 
303 304 196 
324 197 160 
261 92 202 
66 198 49 
312 55 200 
166 199 70 
61 139 199 
128 200 0 
128 168 200 
251 201 125 
267 12 67 
101 92 261 
329 76 330 
290 203 156 
291 70 69 
320 319 235 
288 211 116 
248 205 62 
2 22 205 
226 206 381 
257 82 179 
351 231 349 
9 18 397 
58 208 34 
10 355 356 
295 296 40 
298 34 148 
148 299 298 
300 255 301 
150 211 366 
116 137 288 
367 212 368 
369 22 2 
149 391 175 
233 2 213 
249 315 168 
313 198 222 
19 215 162 
372 29 147 
225 216 16 
98 147 216 
336 335 217 
333 23 262 
203 243 156 
101 197 259 
243 219 26 
250 166 70 
249 248 220 
20 158 317 
284 221 316 
316 220 20 
313 222 312 
185 74 283 
370 224 43 
43 371 223 
389 224 253 
187 39 224 
93 225 16 
105 119 225 
152 226 143 
339 87 340 
191 386 89 
387 153 384 
129 267 268 
77 24 228 
357 229 182 
353 352 60 
21 230 171 
21 362 230 
349 231 348 
111 161 231 
75 232 0 
186 233 232 
391 233 213 
391 232 233 
287 234 288 
205 22 234 
321 320 235 
319 318 158 
132 236 388 
157 41 396 
245 237 0 
25 4 237 
237 238 0 
281 252 280 
238 239 0 
282 97 33 
239 240 0 
378 193 154 
274 242 177 
311 242 274 
310 273 309 
0 240 242 
219 243 203 
26 122 326 
335 336 183 
100 376 244 
55 245 0 
39 187 390 
230 398 171 
207 397 246 
230 247 159 
362 83 361 
220 248 20 
220 315 249 
149 249 168 
175 248 249 
203 250 219 
203 290 250 
194 251 125 
265 266 251 
281 237 252 
237 4 252 
215 253 162 
195 119 389 
0 254 6 
0 242 254 
210 299 300 
148 30 255 
345 344 108 
342 341 50 
226 340 206 
341 342 257 
78 258 86 
206 257 258 
218 259 174 
218 101 259 
101 260 197 
260 261 332 
101 261 260 
202 330 331 
263 262 94 
23 106 262 
108 263 94 
27 217 263 
126 264 17 
130 265 264 
194 265 251 
180 264 265 
251 266 201 
130 12 266 
12 267 266 
67 77 268 
129 268 155 
267 67 268 
268 269 155 
268 228 269 
192 270 172 
72 165 271 
270 271 79 
270 72 271 
308 272 307 
271 165 307 
254 310 309 
48 79 273 
241 311 1 
311 254 242 
242 275 177 
242 123 275 
240 276 242 
380 141 78 
5 152 377 
152 84 277 
46 278 145 
46 104 278 
33 279 145 
33 97 280 
33 280 279 
97 238 281 
97 281 280 
238 237 281 
238 282 239 
238 97 282 
185 283 222 
371 43 55 
198 284 49 
198 313 284 
221 315 316 
318 96 286 
157 286 96 
132 285 286 
235 319 204 
158 62 287 
287 288 204 
234 211 288 
288 289 204 
137 290 289 
7 290 156 
137 14 290 
292 291 69 
219 250 291 
293 292 107 
219 291 292 
131 294 42 
52 26 293 
295 294 131 
126 52 294 
296 295 131 
40 126 295 
297 296 131 
209 40 296 
209 297 210 
131 58 297 
297 298 210 
297 34 298 
298 299 210 
148 255 299 
209 300 88 
299 255 300 
300 301 88 
255 90 302 
303 302 115 
301 255 302 
304 303 115 
196 301 303 
146 304 115 
91 117 304 
304 305 91 
118 6 305 
305 306 91 
305 6 306 
309 308 307 
272 271 307 
6 309 307 
309 273 308 
254 309 6 
254 241 310 
273 310 48 
241 1 310 
45 311 274 
241 254 311 
313 312 200 
222 55 312 
214 313 200 
221 284 313 
313 314 221 
214 168 315 
314 315 221 
314 214 315 
49 316 285 
315 220 316 
318 317 158 
285 316 317 
317 318 286 
158 287 319 
204 319 287 
96 318 319 
319 320 96 
235 124 321 
322 321 124 
41 320 321 
321 322 169 
124 174 322 
169 323 163 
322 174 323 
163 324 160 
323 259 324 
218 325 101 
218 156 325 
327 326 122 
101 325 326 
264 328 122 
92 326 327 
327 328 92 
327 122 328 
76 329 194 
202 328 329 
262 330 76 
331 261 202 
106 331 330 
332 138 260 
106 332 331 
106 23 332 
334 333 217 
65 332 333 
65 334 44 
65 333 334 
44 335 183 
334 217 335 
337 336 27 
59 244 336 
37 337 27 
50 87 338 
59 338 54 
337 50 338 
5 339 226 
5 338 339 
341 340 87 
257 206 340 
340 341 257 
87 50 341 
344 343 256 
82 257 342 
256 343 342 
153 190 343 
108 344 256 
153 343 344 
384 345 28 
153 344 345 
364 346 363 
9 348 346 
18 347 3 
9 346 347 
73 348 231 
9 207 348 
246 398 207 
350 351 349 
398 350 207 
60 351 350 
352 351 60 
111 231 351 
351 352 111 
60 159 353 
354 353 159 
10 352 353 
229 354 247 
229 355 354 
353 355 10 
353 354 355 
135 357 182 
208 10 356 
358 357 135 
208 356 357 
102 359 135 
30 34 358 
358 359 30 
360 90 255 
102 360 359 
102 38 360 
229 361 182 
229 247 362 
230 362 247 
21 83 362 
364 363 121 
346 73 363 
365 364 121 
3 347 364 
64 365 81 
121 150 365 
367 366 212 
63 71 366 
57 367 186 
68 63 367 
186 368 233 
212 369 368 
366 369 212 
211 22 369 
162 370 223 
253 224 370 
74 371 283 
74 223 371 
133 372 215 
133 373 372 
151 373 133 
11 56 373 
216 374 98 
216 225 374 
16 375 140 
216 109 375 
54 376 100 
377 277 193 
54 377 376 
54 5 377 
239 378 240 
239 193 378 
380 379 141 
240 378 379 
240 380 276 
240 379 380 
258 381 206 
78 141 381 
86 382 47 
258 179 382 
176 383 179 
127 274 383 
125 384 28 
125 201 384 
310 385 48 
188 386 385 
172 386 191 
188 134 386 
153 387 190 
227 89 387 
132 388 66 
236 95 388 
195 389 253 
187 224 389 
39 390 245 
187 136 390 
175 391 213 
128 232 391 
231 392 73 
15 70 392 
40 393 112 
209 88 393 
113 394 112 
113 395 394 
77 395 24 
77 394 395 
169 396 41 
151 95 396 
9 397 207 
18 85 397 
171 398 246 
230 159 398 
225 399 105 
93 252 399 

724 158 725 
675 671 449 
119 121 570 
544 618 202 
202 154 141 
29 795 501 
89 554 287 
321 441 95 
780 459 318 
760 349 90 
524 25 525 
423 732 139 
44 782 130 
688 725 691 
146 792 166 
93 540 60 
411 691 690 
177 288 289 
669 28 484 
269 235 503 
100 51 483 
44 529 25 
315 454 711 
184 148 281 
113 49 224 
80 21 10 
81 403 781 
210 582 249 
18 58 50 
471 207 5 
328 435 497 
33 709 45 
368 331 159 
31 224 219 
79 129 426 
189 465 464 
111 571 437 
735 573 465 
218 696 695 
73 140 61 
731 729 728 
575 574 419 
431 520 185 
247 765 256 
12 21 80 
113 31 412 
471 470 183 
502 737 736 
434 483 99 
24 210 358 
285 216 28 
650 20 524 
148 520 656 
131 373 769 
84 284 343 
207 371 269 
491 718 719 
717 712 72 
285 28 214 
108 343 342 
543 15 613 
608 39 226 
287 556 182 
681 682 303 
713 507 415 
113 591 582 
370 74 82 
187 429 192 
215 747 291 
374 126 217 
96 673 670 
522 684 213 
57 708 267 
155 39 609 
776 486 66 
129 262 740 
531 77 787 
76 130 784 
469 261 639 
95 772 34 
587 44 25 
26 353 352 
320 66 563 
346 494 397 
664 54 272 
523 668 430 
160 762 409 
453 535 531 
336 236 749 
746 286 6 
9 546 351 
751 672 675 
306 378 450 
611 15 538 
562 425 366 
7 366 79 
70 213 170 
672 114 673 
299 743 742 
308 48 649 
248 20 583 
581 211 434 
372 203 354 
670 523 213 
749 550 551 
286 746 276 
486 396 393 
438 628 564 
59 290 263 
741 263 427 
730 461 132 
36 492 406 
412 593 591 
45 65 24 
669 668 97 
365 364 165 
147 166 791 
704 702 490 
394 142 781 
2 574 181 
347 406 495 
335 637 2 
159 726 143 
735 734 418 
331 368 330 
158 167 690 
180 272 69 
663 272 659 
392 260 772 
75 34 773 
399 12 77 
376 770 53 
369 110 368 
296 418 729 
352 358 578 
319 224 359 
394 329 395 
723 689 692 
142 274 723 
421 11 733 
327 39 326 
766 617 4 
780 118 138 
729 122 296 
321 426 736 
367 738 563 
460 338 14 
330 116 167 
280 23 52 
658 656 521 
453 327 151 
150 174 535 
512 168 191 
674 449 510 
372 767 4 
73 612 326 
194 375 317 
391 652 655 
726 125 0 
32 122 731 
377 348 86 
283 169 759 
721 338 163 
267 162 232 
204 236 205 
115 750 204 
116 14 489 
147 791 125 
760 351 152 
448 408 161 
509 96 682 
762 349 761 
222 221 783 
289 600 599 
539 341 151 
543 340 307 
715 507 292 
17 201 232 
605 226 223 
288 606 604 
273 316 126 
119 575 576 
795 62 473 
46 776 371 
23 265 522 
662 42 523 
773 310 789 
427 67 387 
311 568 310 
406 35 571 
337 383 560 
152 242 278 
234 503 67 
795 794 446 
273 374 156 
789 298 245 
363 672 748 
428 747 746 
657 660 517 
642 640 643 
360 713 412 
715 717 177 
4 3 203 
102 202 250 
553 165 164 
553 164 325 
447 234 745 
55 794 29 
661 431 663 
390 516 316 
49 27 580 
101 580 583 
771 451 247 
103 71 96 
58 276 747 
285 68 342 
284 666 50 
69 343 743 
38 458 693 
33 225 703 
782 589 783 
784 782 172 
172 230 223 
785 222 178 
33 24 135 
219 319 700 
178 61 786 
601 600 603 
275 405 239 
270 275 329 
222 388 231 
605 230 389 
177 163 233 
607 232 504 
192 744 206 
775 19 777 
324 164 88 
325 324 337 
297 722 274 
228 418 297 
246 654 356 
649 651 400 
547 548 191 
304 305 551 
335 576 344 
299 195 323 
527 526 240 
254 212 43 
524 100 585 
27 585 583 
203 618 763 
512 761 760 
396 460 779 
407 347 423 
306 771 247 
530 256 528 
43 255 452 
280 498 281 
589 588 590 
585 584 587 
128 628 569 
78 568 636 
75 789 742 
108 109 743 
769 372 348 
184 686 508 
710 712 714 
163 72 361 
443 736 442 
55 19 447 
419 229 577 
435 403 579 
127 84 126 
317 180 194 
395 238 138 
228 395 229 
105 214 364 
554 552 325 
549 191 756 
283 754 304 
148 654 257 
23 257 764 
761 513 409 
301 161 279 
342 54 216 
215 50 58 
89 105 365 
446 6 62 
17 607 179 
17 604 173 
427 108 291 
429 290 68 
176 714 716 
590 506 596 
422 495 494 
730 420 732 
133 143 727 
239 727 238 
195 788 642 
98 245 375 
550 674 448 
551 448 283 
687 686 451 
63 683 377 
243 279 382 
243 477 749 
92 254 532 
175 536 538 
647 432 99 
433 390 645 
188 469 186 
569 188 468 
631 632 569 
439 437 631 
696 793 339 
22 413 705 
180 209 659 
323 273 156 
359 353 8 
135 459 225 
82 442 370 
7 144 739 
514 645 643 
245 644 317 
236 383 237 
205 237 277 
140 155 541 
140 537 150 
329 30 577 
136 328 229 
124 460 147 
32 124 726 
622 627 624 
397 625 622 
788 639 640 
244 641 121 
383 88 753 
237 190 475 
146 162 456 
701 697 314 
175 766 379 
174 380 534 
284 215 59 
54 59 217 
244 647 514 
644 642 645 
422 83 779 
120 778 253 
160 376 264 
9 171 350 
349 763 478 
168 90 547 
359 134 81 
318 81 781 
762 102 763 
759 758 512 
357 240 655 
650 527 356 
49 580 134 
135 352 318 
711 710 200 
267 718 491 
666 664 667 
485 669 196 
276 485 115 
286 115 552 
94 392 95 
621 562 145 
132 124 32 
731 730 132 
445 66 320 
183 777 55 
154 102 264 
771 450 53 
194 69 375 
156 374 299 
131 348 377 
303 376 160 
92 380 381 
767 768 340 
378 341 536 
378 536 768 
477 304 755 
324 336 190 
655 401 519 
529 499 525 
774 502 387 
187 386 740 
230 598 603 
231 603 602 
209 644 309 
157 657 400 
564 128 366 
106 620 621 
118 435 136 
274 136 275 
106 252 397 
333 396 83 
765 498 528 
130 533 530 
391 518 241 
656 384 654 
432 576 497 
26 578 271 
570 466 636 
228 419 573 
189 111 120 
465 253 421 
758 169 510 
86 282 681 
458 695 699 
791 790 16 
200 112 45 
315 709 706 
589 587 586 
64 416 593 
594 415 595 
601 598 597 
123 133 239 
41 405 270 
733 295 728 
407 139 735 
778 294 346 
253 462 11 
625 494 493 
94 440 565 
502 144 34 
290 187 109 
197 446 745 
291 744 67 
667 85 484 
521 42 208 
308 402 482 
309 515 516 
101 48 482 
394 271 30 
492 493 495 
630 313 36 
566 107 623 
492 313 629 
621 620 425 
738 562 7 
320 268 737 
739 268 563 
737 774 775 
370 775 487 
428 287 193 
206 794 269 
169 301 300 
676 153 1 
373 92 768 
302 212 770 
533 532 256 
150 87 786 
718 708 22 
698 701 703 
488 338 457 
720 456 721 
692 218 410 
8 699 319 
252 146 330 
463 110 732 
423 778 463 
461 462 779 
573 572 35 
37 35 407 
404 637 639 
630 633 635 
773 772 311 
788 310 78 
472 486 46 
501 46 29 
474 470 559 
182 558 500 
476 472 560 
555 337 561 
481 474 752 
305 382 753 
546 350 479 
478 618 545 
613 542 616 
548 505 476 
432 496 434 
648 48 20 
18 666 430 
364 363 748 
470 106 74 
777 776 445 
792 456 793 
166 694 790 
117 793 720 
361 56 721 
111 439 436 
424 436 629 
424 83 294 
436 294 120 
579 482 497 
30 496 402 
398 257 526 
528 526 385 
501 473 559 
5 500 471 
47 426 386 
19 774 192 
614 233 505 
545 504 481 
597 293 594 
176 595 64 
684 265 687 
679 170 511 
677 408 153 
681 678 509 
251 152 355 
282 758 677 
322 344 515 
433 514 646 
209 433 518 
198 659 518 
517 516 400 
658 657 384 
52 522 42 
149 431 661 
520 184 71 
185 103 85 
51 248 10 
527 10 385 
499 498 246 
525 246 357 
255 398 499 
530 385 21 
255 529 399 
87 533 76 
534 306 452 
531 452 399 
341 532 535 
151 534 87 
307 381 380 
541 539 327 
93 307 539 
537 538 174 
611 610 15 
326 611 537 
480 614 615 
60 616 175 
3 617 619 
505 479 619 
90 478 547 
351 546 242 
242 481 756 
759 278 754 
104 751 300 
243 104 301 
277 365 553 
205 552 204 
6 277 556 
558 556 475 
62 554 555 
559 558 561 
473 555 557 
500 557 472 
190 474 561 
475 560 557 
367 94 441 
82 145 443 
107 392 565 
623 564 425 
629 438 626 
568 632 635 
567 261 188 
312 311 260 
634 2 404 
189 633 36 
574 634 464 
405 464 37 
119 572 41 
181 41 577 
402 244 181 
328 575 270 
403 134 581 
271 581 496 
358 210 211 
578 101 579 
27 65 584 
211 249 100 
582 586 259 
249 259 248 
584 588 414 
259 414 80 
586 591 258 
414 258 220 
592 293 258 
112 588 65 
594 590 593 
415 592 112 
506 592 416 
597 416 507 
598 783 293 
417 506 595 
388 596 417 
173 601 715 
173 602 227 
599 227 417 
600 604 389 
227 389 388 
602 289 179 
231 606 178 
608 605 179 
609 288 233 
61 606 609 
73 608 607 
540 612 613 
541 540 93 
610 155 614 
60 610 480 
612 504 542 
617 542 619 
766 543 480 
141 615 544 
479 250 3 
545 544 615 
393 622 440 
393 440 367 
620 333 332 
565 624 438 
626 623 332 
424 627 333 
566 624 627 
625 626 332 
631 260 107 
439 566 493 
437 467 632 
313 312 628 
567 312 630 
634 467 571 
633 572 570 
467 636 567 
261 635 404 
638 466 121 
637 641 640 
466 334 78 
199 334 638 
643 638 335 
345 298 199 
322 199 641 
390 323 345 
309 345 322 
649 515 647 
308 646 344 
483 653 651 
99 241 646 
653 51 357 
648 652 241 
157 651 653 
650 652 648 
240 280 401 
356 384 157 
401 52 149 
391 519 198 
519 149 660 
316 517 127 
198 658 661 
208 660 521 
185 667 665 
208 665 127 
362 84 665 
662 664 663 
484 216 362 
430 362 662 
85 670 114 
18 114 363 
668 103 70 
1 673 679 
91 196 97 
671 97 70 
153 300 675 
1 674 91 
449 679 678 
510 678 513 
511 677 676 
509 676 671 
682 684 685 
511 63 409 
63 170 680 
303 685 770 
680 71 508 
680 687 683 
265 764 302 
508 302 685 
723 722 13 
137 691 693 
725 125 16 
13 16 689 
458 780 137 
218 689 790 
696 489 792 
410 38 697 
38 694 314 
695 339 698 
697 455 700 
410 700 459 
225 699 698 
702 455 339 
701 117 707 
455 706 219 
117 719 705 
707 704 315 
413 703 707 
705 706 702 
454 72 710 
413 711 31 
708 266 360 
22 360 709 
266 57 716 
200 714 64 
292 713 266 
599 176 201 
292 712 717 
201 716 57 
361 454 56 
720 56 704 
719 490 457 
491 457 162 
238 724 688 
138 688 137 
722 727 0 
13 0 690 
122 331 158 
296 724 297 
734 420 40 
133 40 143 
295 110 369 
40 369 159 
11 461 295 
139 420 734 
733 728 123 
421 123 37 
268 144 47 
442 47 444 
145 441 739 
443 738 321 
387 75 741 
109 740 742 
741 262 98 
263 98 217 
234 429 745 
206 744 428 
105 89 197 
214 197 68 
485 196 750 
305 88 104 
165 748 751 
550 750 91 
755 476 753 
477 752 336 
279 549 757 
382 757 752 
278 548 757 
754 756 755 
408 513 355 
161 355 549 
9 168 251 
171 251 282 
171 86 354 
350 354 250 
686 281 765 
43 764 398 
340 616 141 
379 154 769 
450 381 379 
53 767 264 
131 683 451 
373 212 254 
79 128 468 
129 468 186 
444 386 503 
444 235 445 
183 74 487 
371 487 235 
462 347 422 
463 346 252 
142 692 8 
118 353 26 
221 12 220 
172 220 596 
77 221 785 
787 784 223 
226 453 787 
785 786 76 
469 334 298 
186 195 262 
489 693 411 
116 411 167 
694 14 488 
314 488 490 
207 447 193 
5 193 182 

